100 100
81 4 32 24 88 20 71 16 57 54 31 44 50 39 74 67 14 94 39 29 68 59 52 83 97 82 77 69 17 32 84 19 31 4 51 18 34 99 24 93 75 5 78 4 90 59 48 0 12 70 58 59 41 24 96 42 48 96 2 62 64 91 72 13 33 7 80 56 48 39 1 92 9 17 16 9 61 97 28 73 98 61 87 71 74 56 68 65 56 93 22 8 95 40 36 93 17 56 95 16
30 95 17 58 35 1 39 57 81 62 30 65 48 9 29 59 24 31 39 3 36 40 62 77 2 23 78 2 71 58 31 17 74 40 4 26 79 60 58 40 41 22 39 49 2 97 24 85 35 27 20 22 66 33 98 68 55 75 69 77 84 51 46 9 91 49 86 69 60 43 60 100 16 98 49 70 46 24 54 32 50 25 53 68 57 50 87 64 77 7 40 60 57 85 21 47 85 6 67 96

10 10
48 33 84 55 38 2 99 27 80 30
2 10 4 10 1 4 10 5 7 2

4 3
5 3 1 2
3 2 4

3 2
23 12 9
2 3

2 1
1000000000 1000000000
2

