30
554 227
976 265
724 130
769 392
931 704
793 442
800 568
985 140
936 708
709 746
549 520
884 398
843 724
507 567
451 51
927 537
936 102
826 79
768 751
665 293
614 343
874 732
663 675
760 635
769 127
858 655
966 128
639 774
718 58
504 129
100
546 467
546 656
209 976
335 330
338 953
21 253
716 694
831 917
773 256
666 783
102 399
571 141
85 846
182 732
421 285
536 330
235 495
63 722
45 36
46 445
506 304
843 107
669 217
191 77
444 934
228 57
454 600
501 906
233 877
178 520
506 910
428 857
410 923
786 616
804 174
373 118
339 329
74 331
575 447
915 543
88 36
555 342
455 6
363 644
302 802
339 594
68 427
288 260
77 769
333 135
603 165
413 926
478 874
98 148
41 451
251 753
506 589
766 289
119 722
796 227
370 770
123 21
726 561
283 991
465 549
277 668
897 210
378 312
777 114
214 432
584 859
632 248
328 435
294 332
503 515
960 468
823 255
339 139
134 798
279 948
549 710
184 545
792 298
360 987
497 739
854 881
292 219
505 517
124 429
590 82
247 548
667 55
774 303
953 171
417 423
330 837
777 40
396 281
823 160
474 348

5
8 5
6 4
4 3
7 10
0 10
10
10 5
2 7
9 7
8 10
10 2
1 2
8 1
6 7
6 0
0 9

5
904207 809784
845370 244806
499091 59863
638406 182509
435076 362268
10
757559 866424
114810 239537
519926 989458
461089 424480
674361 448440
81851 150384
459107 795405
299682 6700
254125 362183
50795 541942

