100 200
1 16
1 22
1 43
3 27
5 85
5 86
6 20
6 66
6 77
7 55
7 61
7 68
7 100
8 1
8 60
9 7
10 62
12 51
12 54
13 12
13 33
15 53
16 40
16 70
17 81
17 100
19 70
21 26
21 82
22 64
23 5
23 99
24 31
24 50
25 5
25 30
26 2
26 15
26 49
28 23
29 91
31 24
32 18
32 41
33 47
33 86
33 87
34 35
34 53
34 88
35 19
35 22
35 37
35 99
36 59
36 71
37 57
38 17
38 49
39 35
39 57
40 68
40 94
41 38
41 65
42 12
43 6
43 48
43 69
43 98
44 58
46 87
47 24
47 79
48 18
48 19
50 2
50 6
50 100
51 53
52 95
53 13
53 32
53 65
53 75
54 79
55 90
56 74
56 89
57 23
58 62
59 10
59 74
59 94
60 36
61 28
61 65
61 67
62 51
62 58
62 64
63 27
63 35
64 37
64 67
64 71
65 51
65 62
65 76
66 1
66 5
66 7
66 14
66 23
67 27
67 41
67 47
67 62
67 85
68 64
69 11
69 17
69 59
69 61
71 25
71 27
71 66
71 94
72 89
73 14
73 98
74 59
74 75
74 89
75 11
75 22
75 35
75 46
76 47
76 67
77 41
77 52
77 93
78 55
78 97
79 21
79 38
79 60
80 7
80 33
80 44
80 65
81 18
81 44
82 37
82 48
82 59
82 76
83 59
83 62
84 25
84 63
84 82
84 94
84 95
85 59
85 83
85 90
86 7
86 30
86 47
86 48
87 81
89 5
89 50
89 77
89 94
90 16
91 18
91 36
91 48
92 27
92 66
92 80
93 60
93 62
93 75
93 96
95 7
95 73
95 96
96 6
96 60
97 34
97 43
97 56
97 78
97 99
98 3
98 96

5 5
1 2
2 3
3 1
3 4
5 4
