100
-13 2
0 0
-15 13
-6 0
2 2
10 -13
15 -12
-2 2
-5 -14
-2 1
8 13
-1 13
-14 -2
-5 -11
-12 -2
-10 12
14 -9
-7 -13
-14 7
3 1
-8 3
-3 -3
8 0
5 4
-7 -9
-7 1
2 2
-2 -14
-2 4
0 -2
3 13
-4 -13
-4 -9
3 -12
9 -9
15 -14
15 -3
11 0
11 -14
2 -4
-8 -8
-12 0
-9 15
-1 15
-4 7
-2 10
13 -7
-3 15
1 4
15 13
9 -5
1 -9
9 -14
4 12
-13 9
5 10
13 2
-9 2
-7 13
-1 -10
2 -13
5 3
-11 -2
9 -1
11 7
15 2
15 -9
11 9
5 -2
-9 1
10 -15
-11 -10
-6 -5
-10 -9
1 -6
-9 -13
14 -11
7 -11
-15 -6
15 -2
-14 -9
12 4
11 -12
-4 -9
8 -1
-4 -6
-4 12
-15 -9
1 -14
6 -8
-3 11
-11 -9
1 0
4 6
9 13
0 -9
14 10
13 -12
-11 -10
-11 4

3
0 10
5 -5
-5 -5

5
1 1
1 0
0 1
-1 0
0 -1

5
1 1
2 2
3 3
4 4
5 5

3
0 0
0 1
1 0

1
90447 91000

2
96000 -72000
-72000 54000

10
1 2
3 4
5 6
7 8
9 10
11 12
13 14
15 16
17 18
19 20

